  0.2664   0.2499   0.2406   0.2193   0.2103   0.2362   0.2661   0.2683   0.2300   0.2132   0.2252 
  0.3151   0.3007   0.2625   0.2435   0.2202   0.2616   0.2875   0.2514   0.2326   0.2118   0.2225 
  0.3339   0.3265   0.2859   0.2385   0.2394   0.2825   0.2817   0.2322   0.2260   0.2097   0.2170 
  0.3580   0.3453   0.3075   0.2710   0.2547   0.2547   0.2787   0.2267   0.2311   0.2186   0.2176 
  0.3540   0.3450   0.3437   0.3015   0.2644   0.2619   0.2679   0.2504   0.2304   0.2134   0.2122 
  0.3465   0.3482   0.3460   0.3363   0.3056   0.3071   0.2542   0.2556   0.2314   0.2151   0.2170 
  0.3517   0.3499   0.3450   0.3472   0.3370   0.3021   0.2416   0.2394   0.2342   0.2240   0.2240 
  0.3484   0.3449   0.3313   0.3392   0.3198   0.3133   0.2727   0.2431   0.2468   0.2290   0.2289 
  0.3420   0.3411   0.3361   0.3379   0.3194   0.2951   0.2749   0.2558   0.2371   0.2323   0.2245 
  0.3449   0.3435   0.3425   0.3240   0.3127   0.2761   0.2528   0.2511   0.2332   0.2310   0.2226 
  0.3482   0.3302   0.3355   0.3241   0.3065   0.2726   0.2285   0.2426   0.2301   0.2224   0.2227 
  0.3576   0.3598   0.3245   0.3110   0.2983   0.2385   0.2105   0.2180   0.2230   0.2249   0.2069 
  0.3536   0.3439   0.3321   0.3254   0.3214   0.2576   0.2237   0.2154   0.2185   0.2247   0.2188 
