  0.2863   0.2585   0.2364   0.2151   0.2517   0.2829   0.2489   0.2266   0.2066   0.2156 
  0.3084   0.2739   0.2279   0.2299   0.2696   0.2713   0.2261   0.2201   0.2046   0.2111 
  0.3368   0.3002   0.2672   0.2477   0.2471   0.2710   0.2224   0.2235   0.2132   0.2120 
  0.3378   0.3396   0.2994   0.2627   0.2575   0.2634   0.2463   0.2256   0.2095   0.2068 
  0.3427   0.3431   0.3351   0.3053   0.3051   0.2538   0.2544   0.2281   0.2108   0.2119 
  0.3391   0.3398   0.3445   0.3346   0.3015   0.2417   0.2390   0.2341   0.2236   0.2222 
  0.3390   0.3274   0.3361   0.3195   0.3133   0.2726   0.2424   0.2467   0.2290   0.2289 
  0.3320   0.3317   0.3340   0.3166   0.2935   0.2752   0.2558   0.2358   0.2320   0.2250 
  0.3351   0.3384   0.3209   0.3114   0.2757   0.2523   0.2513   0.2323   0.2303   0.2222 
  0.3226   0.3341   0.3228   0.3066   0.2723   0.2284   0.2429   0.2307   0.2223   0.2227 
  0.3469   0.3181   0.3086   0.2973   0.2386   0.2113   0.2191   0.2224   0.2230   0.2067 
  0.3360   0.3287   0.3242   0.3202   0.2572   0.2225   0.2152   0.2165   0.2250   0.2182 
