  0.2565   0.2391   0.2291   0.2082   0.1994   0.2266   0.2558   0.2582   0.2196   0.2024   0.2153 
  0.3078   0.2909   0.2513   0.2317   0.2087   0.2505   0.2764   0.2403   0.2197   0.2003   0.2112 
  0.3264   0.3188   0.2768   0.2276   0.2272   0.2726   0.2709   0.2215   0.2138   0.1982   0.2054 
  0.3555   0.3415   0.3020   0.2636   0.2443   0.2453   0.2682   0.2159   0.2208   0.2082   0.2055 
  0.3515   0.3416   0.3390   0.2959   0.2584   0.2544   0.2606   0.2427   0.2230   0.2030   0.2024 
  0.3441   0.3452   0.3424   0.3334   0.3006   0.3023   0.2473   0.2501   0.2256   0.2078   0.2071 
  0.3490   0.3474   0.3406   0.3451   0.3319   0.2970   0.2351   0.2327   0.2286   0.2188   0.2180 
  0.3454   0.3424   0.3270   0.3348   0.3156   0.3092   0.2678   0.2365   0.2418   0.2243   0.2230 
  0.3369   0.3375   0.3315   0.3339   0.3150   0.2909   0.2708   0.2504   0.2323   0.2264   0.2184 
  0.3410   0.3385   0.3373   0.3188   0.3072   0.2709   0.2476   0.2468   0.2293   0.2248   0.2169 
  0.3560   0.3434   0.3397   0.3217   0.3015   0.2678   0.2234   0.2382   0.2246   0.2173   0.2165 
  0.3690   0.3738   0.3399   0.3183   0.3095   0.2519   0.2124   0.2161   0.2194   0.2207   0.2029 
  0.3714   0.3628   0.3506   0.3400   0.3331   0.2780   0.2342   0.2278   0.2300   0.2240   0.2225 
