  0.2487   0.1867   0.1308   0.1184   0.0863   0.0903   0.1237   0.1241   0.1195   0.0798   0.0801 
  0.2915   0.1712   0.0877   0.1131   0.0992   0.0960   0.1175   0.1080   0.1382   0.1068   0.0819 
  0.2401   0.2666   0.1818   0.1402   0.1176   0.0968   0.0962   0.0885   0.0843   0.0871   0.1290 
  0.3521   0.3254   0.2851   0.1416   0.1284   0.1631   0.1426   0.1492   0.1442   0.1136   0.0981 
  0.1691   0.1830   0.2603   0.1705   0.1420   0.1337   0.1178   0.1416   0.1022   0.0826   0.0773 
  0.2856   0.2447   0.1870   0.2181   0.1897   0.2174   0.1407   0.1826   0.1689   0.1404   0.0823 
  0.2859   0.2298   0.2325   0.1742   0.1977   0.2015   0.1866   0.1103   0.1118   0.0952   0.0954 
  0.1702   0.1723   0.1793   0.2913   0.2137   0.2060   0.1805   0.1519   0.1177   0.0981   0.0840 
  0.3153   0.3096   0.2596   0.2719   0.2876   0.2516   0.2164   0.1929   0.1678   0.1438   0.0880 
  0.2477   0.2144   0.2440   0.2777   0.2544   0.2223   0.2147   0.1780   0.1275   0.1042   0.1019 
  0.2812   0.2665   0.2551   0.2793   0.2999   0.2138   0.1193   0.1563   0.1626   0.1418   0.0947 
  0.2657   0.3069   0.3019   0.2848   0.2917   0.1573   0.1343   0.1163   0.0929   0.1332   0.0912 
  0.2349   0.2631   0.2683   0.3301   0.2082   0.1339   0.1381   0.1377   0.1406   0.1676   0.1147 
